1000
93
8
5119
8045
520
5841
9873
7159
4832
6421
9325
5319
1602
6111
6217
1419
3881
9742
8080
6051
8955
975
6983
6989
8258
9853
8690
8796
907
9487
1200
1246
2943
9843
722
9613
5099
3136
3473
4890
4909
9993
9225
622
5803
4004
2307
5795
5643
3940
7854
550
8707
5824
5703
2375
6540
5812
1074
9285
5747
9109
2043
6306
4253
1188
5048
7551
3936
1204
3348
2580
5333
1633
846
4336
5678
1560
1477
9050
1081
649
585
2256
6571
5084
3604
3969
4334
7585
7389
2290
1363
4096
816
5300
1378
8419
9143
5513
2439
7284
7606
1479
134
3785
9230
273
6097
4804
379
3968
1049
9840
340
7058
4813
3346
445
399
4906
3426
1629
5269
1877
4586
6863
7358
4248
9606
8024
4911
6400
5675
3056
8095
9843
9974
1516
2234
8263
5645
4651
6125
5568
5998
7002
3182
8854
1219
5727
7138
9786
7553
6764
8057
8397
2019
9157
8219
9178
4783
9738
4631
5631
2981
413
2341
3311
2148
8867
5499
2494
1703
1341
177
548
168
9047
8473
2852
7249
9950
9741
4125
9591
447
3292
9481
1210
4658
9149
2098
386
9452
9611
1156
4520
1563
2412
4044
7277
650
6385
3928
6936
8957
1579
3075
4186
1853
5395
3231
7783
443
7368
9508
8850
4625
3197
4712
1304
2754
2540
3136
2207
720
9141
5937
1039
7663
8023
7239
6427
1115
3902
4755
9294
9371
1694
7504
1623
323
9675
6004
2368
7961
8033
9806
6181
674
1775
6023
6384
1009
4613
6829
4620
3155
2005
233
7271
638
6504
2013
6633
3987
3425
3381
7378
1328
8924
4813
7096
1464
3088
4164
9898
1785
6545
6902
2892
5300
7677
7021
374
4501
3528
2360
8289
9121
4055
9904
4316
2574
8696
5817
398
7079
5174
340
6777
8579
1604
5188
2581
103
9489
9092
3053
2986
4124
3345
4076
5610
9118
8436
8449
5121
9747
3096
3090
7579
6021
2106
1688
7991
2749
2211
112
3217
5265
3617
6028
8008
464
6307
1461
1071
8045
5982
7278
9677
5154
2876
9978
5105
1648
4853
4924
6870
5089
2594
5878
1657
1996
483
955
4930
8414
3011
4663
8647
5307
2432
9821
1863
6981
1496
58
9127
2217
2650
7921
1868
641
3277
9809
212
3695
7766
7281
4704
2810
2965
3351
7850
364
7166
9085
7243
9070
3150
8902
6723
4544
1034
3815
1570
1062
475
6052
989
2733
6278
4179
3855
9865
35
1010
2802
8944
6564
4592
2504
2414
7146
72
2913
3667
4718
5286
6050
3069
4196
9978
5061
8899
3005
8812
7286
2738
5573
1188
5603
653
2612
3149
4353
9038
3927
1205
9903
5260
9775
4910
2432
1665
8138
5490
1543
8163
5756
2156
7604
369
3250
9770
7993
250
2055
7815
24
1633
866
3660
4680
6130
5290
178
801
4910
5598
1706
717
7134
9977
2802
6749
1340
625
5051
725
2864
6731
9149
6495
4645
3350
869
8483
5958
1736
4547
1060
5672
1999
284
5018
202
8946
4913
1797
9335
941
7484
947
966
569
3727
4989
2534
1937
1715
6007
991
7006
9292
6226
2303
8101
2261
5955
3884
509
5542
8832
2458
5744
7847
8865
7250
7853
7078
2510
2240
6432
4175
1500
1857
6704
753
5469
9289
3461
9947
7557
2097
7082
2624
5072
5843
1346
8718
9026
4667
9386
3555
9213
1116
6538
3966
8772
3803
1026
1225
4241
9768
4163
2854
7748
9949
2748
4719
6213
9193
8248
9360
1871
8599
3529
1043
1660
9416
1189
1173
3391
755
4342
8019
7580
7089
6144
7911
4700
3976
6555
2547
7622
8777
1604
8204
1206
7607
8154
9152
617
5953
16
4229
3908
3548
6380
498
4394
3041
7181
3404
7089
3530
2663
6788
7970
4770
9399
7701
3982
5281
6579
8138
7599
7300
5101
6540
5288
6926
9913
4561
9514
1364
4023
6113
6089
6324
9703
3931
6728
8073
7025
7028
1473
4629
3033
8471
669
4221
3016
891
3327
968
368
5010
5809
1397
9700
5367
4956
9756
2627
3883
6481
4633
1303
5686
3581
4409
3
6491
558
5465
5943
2027
5763
4378
367
7164
5495
2191
2808
7610
1744
9385
7543
9630
9069
476
8060
2114
7446
5549
6873
7536
9419
595
3871
4018
982
1665
9549
7803
2713
4608
5140
6045
9880
5739
5557
9207
2385
8742
1888
934
8281
5782
4637
8966
6247
1799
497
8569
3992
2508
5378
4301
9848
1041
9866
7166
7823
9524
6921
1401
2570
7366
8214
2868
2327
4149
3662
1930
9340
1348
2872
9285
302
1952
9049
415
2173
9380
151
4462
3937
4695
3179
2502
9044
4815
7136
4706
7064
2003
7155
5757
6805
7494
2655
8742
889
7322
4070
6484
2711
3605
9045
3931
3786
7630
4767
4902
7821
1082
8393
2599
1724
3756
1512
3595
9429
9544
1245
7051
9554
3695
2653
3539
8652
9964
5951
3862
6240
6006
8988
1086
1192
2682
7510
5788
3986
7206
4464
2235
2775
2747
2929
558
831
9756
5390
7576
6734
9433
7115
729
1315
1752
1435
6178
8388
5495
8830
6337
1213
4940
8977
1665
4127
4109
1681
7247
8434
8910
3810
1906
2839
745
4758
5250
3320
5680
8723
7515
7707
4718
8881
350
6426
3107
6617
6563
999
7234
4826
4567
5851
7738
8590
9179
6303
1194
1287
8889
9470
5449
2859
3883
704
8830
4050
1044
1123
9690
9039
1332
2514
9775
8787
8317
4592
4091
2811
801
4791
2700
5705
5518
7933
3922
7149
9037
9667
2639
8310
6467
8399
9894
4219
1650
5811
5912
7691
5696
5632
5397
723
6861
2759
2728
2760
4780
86
8862
4290
7368
8662
4577
8514
7318
1887
9667
9852
2615
2159
1120
3371
961
4347
9780
8440
130
9046
858
7903
2306
3276
796
1322
9751
2877
558
5872
4756
5852
163
9502
8566
7549
3696
9037
1650
4470
1199
2485
912
6971
1223
1991
6294
98
9913
8526
6256
9052
7256
1217
8962
1552
4905
6244
6603
5975
3257
7458
3051
1604
8979
6246
1924
9159
9846
5010
2845
