1001
9
28
28
9
9
-20
20
4
-14
-22
22
-3
-16
4
21
14
2
-10
22
-3
-19
-26
7
-13
28
5
-12
4
17
1
29
-10
22
-16
16
-11
-12
14
-23
15
-22
5
-24
25
-10
-11
-8
27
-13
-29
8
-8
-27
7
-19
14
-18
-20
-12
-28
24
-21
1
6
23
18
15
24
-23
-10
-1
30
18
-10
10
-20
-28
6
-8
29
27
5
-26
-21
-8
-4
17
-25
-1
-26
7
11
4
20
21
30
17
-16
-29
-4
-7
5
-9
30
-16
-23
-8
-7
-29
-16
17
2
-7
14
4
-12
-13
-20
-8
10
22
-7
1
7
16
5
20
-9
-21
8
-3
-20
-30
27
10
-16
-27
3
3
26
7
20
-2
13
23
-26
-16
-4
-17
30
-15
16
-5
25
-22
30
8
-13
-22
-27
-20
26
-19
7
-6
30
-18
-3
1
-23
-8
26
30
11
22
-4
4
10
-19
4
16
-18
-7
-2
-7
19
-9
5
-15
-16
-21
-15
-9
-23
15
3
-7
-24
-24
17
20
-19
25
25
10
11
-6
-25
11
-5
-4
-19
3
-13
-27
-16
-7
-20
6
19
-26
-23
-11
-2
-22
-9
-7
-23
-30
21
19
-4
-29
-23
16
12
15
24
27
-1
16
27
-30
-15
13
-13
-9
-23
13
19
25
13
-10
-14
19
-19
6
-12
-1
-14
-28
-10
-6
22
21
-13
-24
5
8
4
17
-1
1
2
24
18
29
-9
-11
-29
27
-21
-8
11
2
7
-12
-23
-19
0
18
18
19
-8
-3
-13
0
-23
23
-2
-11
-6
-24
-4
21
-24
15
-13
6
13
13
0
4
-22
-12
17
-24
12
-29
16
26
-5
-6
21
-10
-11
-20
-12
16
-7
18
-2
-11
-21
-13
-30
-6
21
-28
-12
-7
12
-13
-17
-5
17
19
23
26
28
-19
-21
-30
1
11
4
13
-23
-11
-30
-25
9
-3
15
-14
-3
-24
-14
2
-7
30
-3
9
17
18
-20
-10
16
0
-30
-3
-9
28
-22
-23
2
-5
-25
-15
-18
-22
-5
0
-27
-11
0
-21
-27
30
1
20
4
-7
19
-29
1
15
-4
-15
10
24
-15
17
-12
-22
14
-5
-14
9
-12
3
2
11
11
-1
-23
-11
6
19
9
-24
-19
-28
14
-20
5
21
-18
5
21
9
-4
8
-18
-4
-21
13
-16
5
-23
7
-12
12
-3
8
-18
-27
24
17
-17
16
4
30
22
-22
5
-18
-23
-20
-9
-18
-21
-24
16
2
3
-14
-11
-4
9
-27
23
-23
26
-15
15
5
-7
-22
10
20
23
-1
-13
-20
-26
-2
18
-7
4
-17
18
19
10
19
-16
27
26
23
4
-8
24
-8
-28
-12
-30
30
5
12
-8
-7
28
-22
-3
-6
25
25
-28
-9
4
25
-27
-29
9
25
-30
-12
18
13
18
5
0
29
-1
-3
4
-7
-20
1
24
25
18
8
13
10
9
-12
-11
-19
-12
29
-28
-24
-15
0
-16
27
-24
6
25
-14
9
-22
-18
-29
30
18
6
4
20
3
14
-19
27
2
-21
-1
-20
6
-8
13
27
13
26
-10
15
29
0
22
17
26
-15
-2
-8
15
-9
-4
-18
-25
8
-16
7
16
-19
-15
11
-23
11
-17
21
-27
-27
1
-3
-5
6
-21
30
-21
8
-11
20
-7
-23
-29
-28
-6
-6
-24
-12
-18
-6
-21
25
19
-12
0
-6
-14
25
-25
-7
4
11
27
-21
18
-1
-7
-10
-18
-28
0
-22
-20
29
-26
-20
-3
10
-11
26
-1
2
-15
-14
-7
-10
29
-2
-9
16
13
-4
3
21
-9
27
-7
-25
20
-25
2
-23
-27
-2
0
9
-7
14
-21
-29
25
8
-2
-11
-30
-1
11
-11
23
10
4
25
-11
3
-22
-4
1
-30
-8
0
23
-22
14
-30
-15
1
2
-14
11
-2
6
14
-16
-5
-10
-14
-13
26
14
-15
30
-6
28
-6
7
-8
23
-13
-24
-25
-27
-11
1
-7
-18
-1
11
-22
-12
15
-10
19
16
-19
-3
-19
12
8
6
-21
-11
16
-12
26
-27
30
-14
-20
10
-26
7
8
-14
-14
-30
11
-1
-15
-6
10
-26
-1
14
-12
18
2
3
7
0
5
29
-1
1
5
-6
5
-7
-16
-24
28
-28
-21
-16
28
25
-27
-6
6
-29
-25
22
26
-15
0
-27
-27
28
30
27
26
26
-25
25
4
-15
16
-18
22
7
8
-6
-16
-9
12
23
14
-1
17
-15
16
-26
13
16
3
-12
-22
-19
29
0
22
0
25
2
8
-12
-26
23
30
-9
-27
-26
-18
-9
-3
-12
4
-19
-18
24
-28
-20
-21
-24
-19
0
13
3
-25
-15
30
30
15
-2
-15
-1
26
-26
-12
5
13
-24
-9
10
13
-16
10
25
24
21
-8
-15
-6
0
3
-8
-13
14
12
-18
-25
7
29
-25
-1
4
11
5
19
26
-3
26
-28
29
-29
1
-11
15
-18
9
-5
-12
-23
-6
22
-24
-6
8
10
27
11
26
29
17
-22
-4
19
-30
25
27
-29
11
21
-6
-16
5
-30
2
15
-17
-28
-15
23
21
-2
-7
27
11
8
-18
-7
2
-21
11
7
-8
-14
-5
-9
6
16
17
2
-11
-28
-26
-16
22
29
0