151
609
981
-187
932
649
-105
933
-69
802
493
76
-126
581
57
112
682
-40
718
-173
61
906
280
583
-106
409
839
347
472
-164
-9
341
885
603
809
-75
520
277
695
945
598
531
483
853
-7
980
226
283
541
455
260
895
64
188
614
-191
634
960
860
-137
167
500
462
574
469
4
181
775
891
107
484
262
799
108
571
-29
519
335
130
290
30
472
286
699
373
425
61
712
194
991
279
-164
-151
111
31
-109
528
476
321
31
313
510
-132
-67
-111
464
284
624
-175
-11
425
-185
148
400
25
87
924
325
882
390
200
465
375
-163
110
529
-169
172
-127
548
390
-61
730
-19
67
706
912
-145
249
160
777
453
126
985
64
677
232
70
436
-100
547
249
